23343
9491
21034
31693
14491
12223
29089
26175
2309
20611
5518
13066
5934
28078
30550
12562
17718
13427
21685
5938
24159
13207
28581
5260
13845
3693
17793
15134
14379
23556
16746
30871
20072
1695
28138
4456
16194
16229
27095
21021
27113
23130
9338
27374
903
9870
9457
10641
14790
5781
24786
1363
24212
19766
26129
12647
291
25191
23588
10622
6195
29818
8292
27800
8595
22929
439
23065
23269
1367
24428
25887
30627
30450
12134
4627
30815
17203
12157
29310
1871
3856
17953
4894
32264
3669
22080
4154
30858
23190
2666
17458
6525
13928
23348
17498
25530
4305
21722
8200
19725
23804
24616
5612
28217
4657
4762
13216
29757
26629
18882
4992
14038
8910
5610
11452
6213
1114
14331
27052
4690
13537
13981
30819
5265
14391
20128
2438
6116
17222
17051
29023
2881
1468
19922
24365
32182
15361
15965
7870
10666
7532
31367
6208
17765
31414
30069
597
15571
8367
22280
31333
14468
21295
23299
30520
5624
29776
11121
18884
13594
11226
14913
8259
16138
8959
24116
16265
18975
10313
14073
26261
32557
20432
7318
4198
9219
25520
7689
2064
12088
14522
21295
782
18728
15210
1510
13786
24121
18713
30318
5819
9827
10612
16150
17118
17903
15405
6932
14761
27518
12017
5300
25164
3918
20377
24245
3993
14265
20132
23791
30229
26366
1509
8250
18511
5700
6009
22924
28016
25052
30972
2145
1556
19143
16124
26720
13144
12664
15534
25147
21556
28122
19424
983
11532
10389
20783
17325
11649
22926
20602
4976
18573
4012
9623
1519
4815
26082
13636
3134
6947
18794
10848
3600
12662
30030
4955
24936
4057
18221
29675
25969
6611
20796
7936
17577
9724
19851
27899
8773
1479
22154
8730
14034
16288
2251
6455
8216
12087
29193
1715
26691
27
29034
26541
2117
13962
27905
29047
26998
14984
151
5450
10877
6446
2475
27704
11124
28741
13495
8035
9543
14355
28597
8301
20573
24437
26082
17967
24187
28206
26818
8622
19429
8575
27236
8010
19398
14072
27879
18489
21457
22925
2877
14388
2857
25836
32559
7024
8318
29454
18593
18640
19321
26636
23064
19545
32091
28725
28281
30182
1249
9309
27668
16413
10602
18551
30944
9121
347
22631
9224
10889
1987
22289
18599
22546
13627
5046
3536
14480
8209
22912
10194
11691
26533
15707
16058
19143
28434
32263
7705
21956
11025
10859
4615
16360
1819
557
5479
11033
9678
17535
13677
20304
146
24892
20062
21578
10876
16435
1431
29569
14963
4803
9425
30298
8337
25512
15011
25760
27339
22804
9288
30513
15573
23809
25763
8951
32576
8134
27776
20506
2534
10473
14365
4468
19847
27189
26089
28742
16564
2316
10891
8233
5100
20990
17958
12103
28934
2714
24284
1738
18894
5507
25745
20373
31219
7367
25073
3890
16417
13933
24244
4364
21098
14157
14112
28639
4586
10277
3280
21356
8619
4328
13493
13937
25798
3673
18010
18648
10187
26073
12396
16943
31075
2941
30329
14424
30260
20068
31736
20098
3077
8008
138
20568
30755
9554
12671
3447
1283
5427
29852
2342
19240
32368
20507
21057
31047
765
5108
6007
26538
11534
10331
19382
31442
22314
9610
28386
6496
23169
6336
20173
14646
30591
6794
21604
18393
11425
6721
12582
29209
28552
724
219
3829
31820
7367
13186
12729
12050
20860
21387
10089
7137
13234
31814
25442
22705
29003
5276
7999
11717
4690
8701
12794
8251
10556
18329
25171
2786
22638
17875
14454
14667
20736
3570
4824
14627
11969
15898
610
21951
21883
6524
12753
29177
13176
20681
23645
13371
3396
12012
6040
14553
14005
32248
29850
16036
23849
14431
15451
444
18191
23142
19296
14501
11433
26581
20634
26525
3599
31219
29579
32301
10872
27057
9642
29439
31925
27174
8969
20975
24830
10043
26165
28772
18417
15528
4957
15329
6872
6431
7863
22231
13611
8646
12832
30654
5974
10731
5635
15971
14011
4852
8571
29572
3835
10388
30140
26266
22641
3397
2223
24054
2048
19186
17116
19727
31759
23539
13453
17691
31441
16447
9776
21468
26058
29405
2046
17597
18063
21404
1242
30749
6349
22788
15484
17643
30092
7820
26830
6259
949
8974
29334
18551
20946
19319
14678
19330
32022
32195
4720
19321
18845
26665
17294
18035
4084
18578
31809
12746
9180
18512
4841
21363
6219
16397
2260
17802
1204
30721
6570
22577
12168
14441
23048
17819
16893
15924
10603
27748
26894
26623
31568
1060
1987
12099
15257
67
24242
16845
21043
5391
19654
20335
2550
4875
3391
24566
24268
3210
5882
17755
30486
31101
243
32318
19531
19850
4104
7311
18146
13406
20992
1167
20851
26691
27083
6135
10009
22261
28939
8566
24858
2225
4820
5217
1994
32144
17328
29863
10924
29971
15079
31491
17371
21503
4349
18805
27304
7275
10107
17394
6533
11287
15859
24923
2850
13567
22590
2220
29397
9264
23048
20086
5183
27355
31631
9871
32301
23976
31655
24071
27836
7756
13058
29023
5825
17246
27822
4854
27239
12902
10207
30148
32026
24632
9967
12362
12964
27520
28579
19401
24470
17821
8368
21427
27370
23987
16509
31071
13030
507
26923
8192
14660
27486
30163
25816
23183
10051
5390
30633
5328
21413
25787
22381
8554
24936
31484
18246
26179
20717
130
4024
548
7396
16395
24598
30819
18273
20264
25658
16319
15666
13380
25209
14475
881
11746
30167
19983
25429
32550
14454
18219
2125
26007
29269
2621
17488
7203
8247
22597
28270
3940
26336
17223
4012
10017
18055
25585
21006
18712
8841
4734
26101
30970
29019
9946
20907
14776
10434
1031
24381
5117
14918
29375
7305
26107
13284
3931
8599
24683
22787
20211
4397
21711
18345
24519
1949
14587
32239
26845
27618
979
21426
27884
22251
18262
15500
21625
1335
11228
26114
25408
1698
12443
1535
7381
8319
21872
28034
23691
5606
4573
13203
9365
19023
15694
3195
26731
29280
19616
8500
22128
18180
2275
31519
25809
28349
9055
22517
9648
4411
19158
31232
9858
18733
9737
18571
24245
26711
22397
21655
29078
16869
28287
5583
18291
28415
26982
29630
16892
16797
11544
28480
4079
22941
5584
54
25589
4115
1310
31614
4807
11488
4399
5411
23700
6790
14670
21200
26023
3130
17323
651
8773
19003
10331
2463
14804
6243
11681
8154
9539
27387
6508
19193
3237
24020
7200
11873
10271
8595
