24072
14322
7048
23860
20881
3147
2269
28753
14377
25848
5303
22888
27703
15125
31434
12332
1586
26252
3951
9060
13913
24816
1783
29420
26276
12201
18239
19196
14586
14674
30596
25772
13732
2655
17017
4024
15874
19715
32407
2433
6012
30801
12469
17749
8892
31393
7384
2544
4890
25397
22860
2115
14936
20252
6132
20340
15504
7511
6622
16933
16490
11835
282
28921
28562
12822
29901
32340
23402
19221
19329
28515
6652
1637
12223
3677
12082
28825
29408
16904
5705
18764
544
32382
32643
6663
12788
13105
5660
13413
21406
23085
25216
23412
18686
3229
7355
7263
2731
16529
817
6730
21570
5118
2447
20862
27390
18694
29697
5574
12937
22394
12966
20504
1042
14238
4417
16248
31648
18988
3889
16666
12198
411
29603
25543
1751
12448
29190
19073
8251
8694
29375
8810
387
23899
21534
12258
32666
15835
14225
14064
5500
15696
12056
17123
7499
6442
24313
4409
8096
13420
26549
9151
11551
23287
11322
15866
30286
18955
18522
20934
5543
8715
19324
7997
16363
9600
2962
3034
20154
26977
9291
29918
22881
23186
30345
243
20467
15530
15381
13584
19611
1529
914
20636
3888
15562
10415
13526
22282
14821
7329
23412
3860
29784
4817
8330
35
14967
26065
25518
32134
31778
18581
17498
16351
2630
6112
32146
25137
28582
24572
9414
13625
18140
27310
20473
23810
12698
26985
26403
27828
21814
4034
9428
29868
102
12836
2587
14034
24136
15557
18854
29991
23205
5848
28202
3742
7030
17925
16390
24109
13223
26134
11811
4131
29468
18675
15902
25020
30706
21200
18345
32499
25863
26277
32558
29335
25020
30430
5046
23713
18169
3668
25610
25285
7538
25981
3863
3911
20777
22495
25495
4624
15924
19915
29422
6145
31425
28231
19282
11399
599
11596
7471
22896
9823
2610
20426
30973
26594
4712
18724
28216
7828
31848
27937
14215
4370
28394
6121
3970
25192
18520
6031
4098
30934
31363
26865
2938
16852
20116
15327
4235
30547
9541
639
19410
19014
1873
4079
15365
5729
6696
2605
27710
800
19688
13108
10390
13836
20873
19816
24822
31290
13911
7988
11818
276
13222
23026
11575
8283
449
26635
9455
12653
19235
26207
10690
30148
3818
19687
13271
9408
1928
2712
23388
1702
27068
6283
12058
16616
4033
18524
22860
14247
25797
20944
1713
10358
9372
25530
17376
25185
17334
15391
17628
16174
4942
2968
19176
16866
30181
10232
7324
32391
14319
21039
17465
12077
24780
4974
2106
6703
4089
30092
21035
11703
14984
6825
30654
29828
23757
30737
6684
18411
29787
14434
3961
25372
22063
2290
2795
15271
13610
22123
30332
17215
27845
15544
13182
30397
25600
11813
13598
24168
7323
5569
10556
25459
17033
30983
9082
7879
20386
23742
32403
1283
6040
28958
26607
5057
20524
18740
18804
25628
27041
8584
1438
18031
19313
31228
14802
19294
18752
1783
31471
24091
25614
15811
16423
21474
11184
52
28685
5318
21633
11147
17390
16816
21845
3737
30053
31653
8622
2856
27178
12359
21555
26262
21035
3999
23901
3523
27614
3865
2676
20526
25301
7632
30906
22106
31891
28172
18662
22391
1950
30729
9939
21054
16597
6651
31098
19741
8964
31054
20254
24980
21686
2354
22982
5855
10314
23127
4080
20437
25161
6133
17796
20496
14839
22032
20743
7246
18472
5370
4369
14871
22613
7705
26113
4768
20463
7658
29679
31984
8179
8006
16610
13121
29887
19429
835
14249
6180
5664
13458
27641
14780
12283
15448
24806
4478
29538
18269
8294
4239
8115
7962
30557
5211
4221
5489
633
20453
20872
22684
602
24411
13333
17252
15095
14830
18790
32147
25149
30177
26241
171
25081
4831
5426
21720
28919
16017
5711
6692
18283
18288
22847
12778
29329
12760
3261
7309
2961
9054
11482
24425
21925
6244
12865
1802
1917
6123
18111
6556
17379
22952
8963
3491
1435
4697
31138
6381
653
23129
4958
27588
18982
25202
167
11368
8955
27379
1122
18108
27567
12547
7146
25663
791
17973
18516
8254
31645
1629
31992
19528
7650
8097
22316
22755
32424
24787
851
13949
11246
16894
29463
17061
13660
23358
18674
5499
5090
15829
7411
17253
13469
25468
32447
26372
11002
10231
22742
1895
19997
236
6423
11902
17796
26613
17031
17361
18663
10996
19534
32625
5987
5799
29186
2351
27096
12156
22824
6157
25744
27814
12280
9714
19489
10608
10593
2978
404
16593
31309
6380
2502
1857
15398
32038
9231
5836
22681
5078
13346
8549
25242
27058
820
15740
168
3531
7265
24787
19538
773
18507
32141
19194
26058
27652
30088
25561
6655
20270
22508
30531
5431
3424
7428
31532
6439
14028
21581
16620
29275
25631
30925
18495
3879
16809
24486
17296
735
21950
29931
12663
18762
1628
15026
12160
24149
8717
15979
27182
32261
28687
30832
20031
8367
2995
18909
24370
1899
3843
3233
22279
27846
20647
27093
29510
11703
14602
27213
4930
32469
29368
30061
2975
454
31243
12862
21266
20219
20486
32449
27752
18330
21633
29060
12746
17340
2950
6514
25919
28889
20988
28655
10866
29824
17794
12581
19894
10060
25502
3736
31815
31763
9239
28673
20946
26464
4767
13913
24376
23332
11189
13620
3728
10920
202
22096
2155
27334
26531
7022
32347
8793
14590
29280
32438
24306
25208
3940
13719
461
20398
16816
16166
22787
28323
30286
28441
22784
21346
23850
12667
2616
16100
25706
26796
32534
3379
32253
27818
26165
20176
25463
3982
3283
4434
19484
19290
25987
6993
18746
31985
26401
8066
15549
20583
22539
11043
7677
17019
22926
21402
218
23394
18335
26457
4875
1735
16588
9732
947
11535
27250
17366
2357
29153
17711
15425
31050
15334
9626
14292
10065
27085
9522
2402
31974
22675
8085
1633
181
7937
4083
16016
16272
8822
25281
22237
19392
26854
4018
2949
18073
19491
4067
7549
10322
29275
1109
12049
14867
12258
8353
21451
30286
13874
11751
22422
17235
13361
14856
291
15391
19378
18197
21388
31605
61
3847
4919
7473
787
12208
4606
27096
109
21233
1676
24691
20997
10030
29450
4766
15063
15359
24316
1756
4137
5928
26725
5421
29641
5580
28722
29155
918
28125
26069
23217
8769
25559
30257
6661
15701
2222
8630
21655
13429
5124
32205
21826
17893
11936
9590
19220
9293
16668
7471
11681
6585
6877
11801
15260
23523
1353
31830
18344
30133
5939
23733
18283
27146
23706
11665
22756
29621
9876
14070
12799
1732
6021
22022
11879
30470
16276
30619
28572
26570
23904
9774
17221
26858
5870
12024
17351
25864
16103
8790
26390
17688
31232
13170
28620
27934
22713
15136
29816
30265
14666
25094
28984
18913
1498
13824
6026
621
8947
11971
20575
13528
8755
26048
9329
1988
3396
1355
32471
15295
23822
13052
32214
2246
28970
31061
17915
29959
7066
29862
2918
2283
5304
18222
17769
1108
27501
6275
16466
31012
17827
9268
388
28414
1277
7084
12749
29776
9157
24409
499
16529
24102
21262
15760
19399
31643
20902
32
32589
19623
1003
16473
25555
12487
7862
9659
28838
14501
19543
23655
24626
14478
17718
23348
11717
24358
23483
20480
8341
9306
32620
9796
2053
9367
31573
23531
3364
15417
29613
6245
15734
30535
26294
14839
13048
10589
13541
19797
32094
16873
29763
9074
12447
12442
4883
31127
15539
28182
3509
26547
29339
31980
15306
2290
23203
30409
30873
4752
16356
31214
10930
19696
5388
2785
28368
8936
5730
15971
27140
15199
19716
16291
1808
20763
22387
1713
8977
15572
6994
21301
28002
25997
17515
16225
32444
2852
13555
32548
27554
7975
19215
8097
22012
8169
8087
23263
16898
10709
8729
21442
12891
13059
13857
20026
20358
9481
13751
14266
7802
18708
32042
5100
2697
14903
25612
8611
18058
20994
18302
19473
18743
17239
2478
15418
26836
22393
10909
7848
23058
358
24102
29024
5682
15207
17212
28182
27757
25317
8307
25757
17044
1662
18881
6561
18676
23128
4998
32152
9596
18101
30411
20470
23074
17608
19143
672
27266
32200
14248
29092
1224
24642
18064
17191
12753
8115
13021
927
20621
21078
24749
21058
24744
8507
7329
12733
24681
16025
2274
20778
16858
5733
23394
24892
15145
27939
20837
18877
30286
24829
31807
21307
25582
274
19295
6398
13695
28432
30604
22333
17070
16133
13167
27025
24061
2418
17746
3497
23729
25506
28199
15936
21995
12857
16844
14924
23829
2576
21645
3192
15231
4928
25067
9941
27978
8829
20635
26316
25990
31910
14290
5464
23959
30873
18880
14194
13277
29516
18266
17100
7572
18970
24925
2753
12280
20314
10896
31116
1197
27958
32585
27065
32095
27323
1586
13274
27302
1836
11853
17531
6700
24476
20022
20056
4113
21179
18601
27853
28558
22257
23107
19085
22233
30377
29837
8343
12873
26352
18998
8550
19131
27710
28832
9320
4916
403
15007
9650
31176
30150
12413
28146
16314
29466
18753
30373
7396
9491
18736
24202
12889
28808
27029
598
4170
29176
11710
3497
21286
13858
2375
6209
7173
24783
15259
9070
26695
13811
1207
3013
3192
14580
5937
17177
22135
22090
27513
26279
6872
19272
22624
1425
12678
16441
5334
11150
9645
18607
1784
991
7383
15896
1098
10373
14677
10386
26432
29105
31712
10753
7684
22908
26752
8030
5747
18392
29357
27730
11112
23238
29876
9475
30526
32458
13917
2606
12176
27548
18123
2934
28227
22817
11683
17403
3015
153
14193
9519
28313
15898
24903
17381
29709
26173
10151
31659
22090
9239
15522
23642
13206
29547
26946
5611
6868
2845
7718
22156
16714
19434
30572
20211
17832
1879
14292
20723
9286
13031
32545
15437
16558
23441
16323
11720
10330
28017
14260
9348
29375
9150
28832
4491
25226
13564
2888
1449
11305
3955
23080
29054
1421
14815
3927
11217
25390
11369
432
12839
1616
13782
19759
22420
16517
16639
21149
21970
4212
3713
23152
29840
31704
14005
24301
15116
19148
2019
16783
24548
2117
5298
28588
27434
27616
1763
14934
16054
4318
2623
25984
30912
7788
25550
12897
25774
17704
2378
26910
28202
13794
19667
9635
19064
30111
28900
27601
19462
13028
14470
18143
5189
49
18372
30714
6072
6091
26718
30767
10315
3262
1730
20875
31205
3363
31543
4993
21824
6559
29532
26251
27897
22060
4049
788
2275
22556
2612
3990
31649
5467
30543
10752
5748
22772
31119
8282
3921
24790
30648
7339
3383
2265
11224
18459
20159
9980
7802
10581
7925
31984
25115
16943
3174
25307
8930
12429
5754
3926
24203
22146
17668
8375
22693
19897
24088
19350
7933
10772
11805
21130
12890
20370
5666
11060
10090
24438
21622
29823
21501
166
15218
8741
23665
1873
19098
374
13677
16340
24037
31573
28115
24799
26456
14211
21743
26835
26329
1312
20725
27247
5187
11374
31146
3244
28598
3545
19297
16869
11313
12852
1577
31291
10338
12358
3397
21816
27068
2949
23260
5811
19915
28705
23538
25331
26052
28740
18583
1559
12385
9881
19550
19124
9707
25099
4881
9153
19096
16079
3491
11696
15128
20644
870
19166
26475
16985
17278
24365
28661
3728
2710
28399
22740
13763
28882
9479
1905
5508
29700
1098
15957
17673
29218
18476
2879
6887
10232
14488
23411
16414
2074
29983
10836
29782
32285
31573
32309
26472
29190
27768
10093
19488
8195
22099
30121
2114
6233
866
22407
9674
31646
5687
6240
27000
18216
29724
12388
12940
17861
17146
23277
1999
30892
32378
26381
30162
3252
26729
30313
8826
12228
22625
7755
14780
23179
11942
7922
6054
25201
28238
9517
21407
26573
17061
18984
4335
29784
29647
17797
14466
24034
3759
1454
32744
16707
17416
8810
24993
10645
17122
23983
27288
14240
4656
9912
237
23958
11695
21334
2039
769
27153
907
1418
9465
25691
25429
11381
18074
140
16072
28751
17845
15231
7263
1652
26566
21522
20884
30794
13094
3976
17838
10953
26754
7468
22235
32570
12428
23863
5502
28990
20976
3828
18890
22035
906
10786
30608
8467
11990
26522
21589
20861
13992
15666
25512
28024
5661
20704
11699
11861
27601
10019
17423
16917
17746
4254
2269
17963
16085
6918
27666
24451
19240
2367
4882
5058
14312
5826
7809
18384
16884
2626
597
1940
20001
23439
9264
31486
6704
28858
13294
11339
31229
13946
29305
900
29944
6094
23269
6984
22489
6372
25017
21196
3728
6458
16010
16672
23163
259
29647
28084
14556
24012
2288
29210
3466
12895
10912
26893
26087
32232
9581
20147
26641
15958
28309
13855
16989
29188
12060
30746
12033
23705
1307
16163
24592
4909
28507
5300
26540
5037
5922
21447
28791
27520
27725
9369
23114
12650
18335
26030
3882
22193
1881
9749
9335
4991
23051
5357
7271
29320
11177
2600
23475
16364
26849
3215
10128
24415
3244
30982
16353
19847
11300
12050
27051
20645
29845
26264
32201
7288
20438
4840
20449
27999
8922
30457
406
24253
23170
20214
5631
161
15029
13050
22872
28839
9139
5913
28920
31257
16806
3231
10115
346
23163
10396
18785
16005
11759
13216
9583
2897
7149
1731
1524
18488
1303
14824
13782
7384
6563
1859
26126
6041
2664
2073
1881
28816
20536
11975
27696
29603
32113
8710
18171
21998
19919
23917
22658
31334
26756
15160
25252
27068
2187
19271
13131
389
32569
7018
23455
7831
17685
21723
26490
18102
3305
21260
10524
5488
3353
6051
27937
28741
29492
16323
10928
17931
13769
24206
1012
23953
14460
24808
10960
30595
30296
24189
32206
18317
9831
31749
29017
2243
3712
17095
6445
12609
30817
4443
26123
2318
31998
2485
27569
10311
6680
8287
17161
8313
17936
12550
23713
21838
30206
15416
22363
18540
18942
12908
12134
23706
21450
28739
22892
21540
11150
20493
7693
3713
18167
29839
18829
18740
18061
12548
969
26608
11588
12897
25712
2047
13901
19933
5999
25317
15666
6321
9645
17472
27682
11548
13817
5874
9354
16555
23105
19842
21989
28599
15620
10688
14036
25135
17161
10152
5233
11672
30034
3977
11232
6225
18252
29543
16936
8732
3400
7069
28225
30170
14126
9926
18799
10390
9072
24798
31182
27077
7742
5541
19245
2252
24825
25156
18975
29635
9705
18995
5456
4985
9266
4954
22806
10424
2052
11639
10568
3786
15123
10431
11603
1851
4423
32712
21130
29409
11700
14502
30910
7194
13260
8533
19727
30293
6355
11095
18177
30420
10644
10909
31699
27312
6227
31659
15372
28189
9986
21752
12118
26863
16824
18323
25231
13405
7518
13068
31774
19973
11948
12434
2691
15409
3412
14681
8498
1881
6012
3135
14242
27881
26994
5806
32417
12099
32155
25796
8170
9992
2221
23729
7161
31124
26142
18785
14878
6343
10461
30812
16081
28683
9279
28394
23621
25234
316
31354
4416
32480
13275
8260
27177
2954
25835
12334
22627
20797
9204
32492
5081
17921
30061
2924
15066
32191
4399
4977
9256
1025
25898
23422
5963
762
12375
11765
24363
23494
18925
21888
27358
5107
26840
5808
28863
15423
32615
27876
18368
13475
32581
3693
27393
29073
6570
31727
23457
9851
20434
7946
21716
31124
26543
15418
1589
9434
6363
15356
18526
10324
1488
3891
32694
29080
21851
13001
8587
7313
78
5785
3937
12671
10102
27533
15497
1087
1484
7427
20981
6349
21231
31094
17482
12551
10706
20058
4151
26548
18354
31559
4358
31940
14156
16474
9584
14041
15436
19417
5814
32263
4872
19221
30189
5080
22638
661
25497
3220
11835
12656
30078
28095
28527
17403
11955
5602
2301
6564
15864
20879
19142
25118
30281
16799
17608
21951
13748
30398
1171
19750
11879
26154
18173
31776
17933
7095
29207
21453
32603
19735
27488
20478
8677
12888
7736
13282
5175
18350
18071
31202
7201
23667
21502
31433
31058
4972
30894
4136
3624
14414
14617
13817
2759
3712
3990
28546
20073
32035
30808
29564
29429
15440
31137
25461
14034
26528
31795
4723
14589
6642
2056
7898
15193
30312
14658
25487
24391
17075
357
1118
4215
30353
2244
6553
4606
25747
17465
16130
25000
24612
4889
2539
25999
1223
31079
10908
6124
672
19016
15605
9518
5174
22199
3157
12361
375
29818
20154
12625
21501
29013
6953
8775
8335
18045
8016
28211
2539
8271
22634
22130
24770
3650
21347
16978
1285
28443
14396
11484
27743
28000
9394
9457
29187
8206
6682
5017
21415
9102
656
15511
32720
16102
4432
11585
6481
26925
612
3470
21518
17217
32128
1905
3846
22972
8234
14437
20369
17187
29469
24905
485
28257
20208
18543
8927
13684
29683
496
14081
2151
22874
4674
12983
17536
30621
7948
14302
3002
4638
8760
19590
12405
17421
21322
28407
2413
21640
15089
10995
16873
5639
9436
5179
31285
21752
25551
19029
19537
6566
7158
27019
2283
16735
1913
3383
16523
13014
26960
18238
27918
12742
8793
12507
20309
5592
7336
30878
21822
26823
286
4532
7123
12226
27453
26728
25026
25618
3898
16362
32270
24316
1620
7503
12035
15593
13669
25562
21871
31684
439
1658
28687
22692
18456
29331
27464
12459
18993
6145
6423
26926
1555
12891
25931
8981
11283
14196
6642
15749
9944
3880
18449
27581
27058
30805
10392
25150
31021
16167
2452
24367
25063
10393
7079
4607
4510
14136
13237
9804
18061
11562
21729
30212
2297
28528
5816
9930
25351
11880
15275
13979
19152
30614
3011
15281
29367
5283
18320
23463
29691
23462
18275
15839
1928
21667
6845
32033
16659
22609
15366
23684
101
3105
11394
17298
3319
24443
3202
17831
4032
28235
983
14490
24395
27836
3724
7839
21004
67
469
26476
2804
10720
23874
19611
29763
9633
15416
19792
23710
25447
31650
3355
27233
31980
26596
6688
22838
19717
1808
24181
13799
3109
21341
16587
3184
5667
31189
14417
15449
15677
29005
22485
26434
20060
32154
5164
11712
10906
29442
18901
11879
6657
19953
17881
31528
15253
29421
22005
30942
13973
10956
9211
23843
4351
12069
24694
15976
20306
23300
141
27205
16791
21474
4906
30221
8610
16084
29019
15782
26262
22018
19960
17559
29095
29275
26758
11619
30756
23943
26459
15126
20148
29
7427
4381
31200
16407
15587
9562
10193
9091
17180
6264
30555
2939
5042
26748
12347
6998
5358
12701
20637
8224
18688
29014
5090
3144
10985
32697
22175
23449
21144
13062
31721
29547
9299
24956
14288
21275
3929
13679
25385
10424
8134
1947
15505
7679
26550
13240
15022
29066
941
6991
21432
12356
15927
19147
24120
8992
5835
29907
28432
17675
12277
14295
22716
21791
26805
25065
12247
22809
9506
9935
30945
9229
2642
31830
25407
13656
12670
4329
13699
983
5730
4193
20206
2390
17635
11039
25139
8779
2548
4952
19838
5573
11194
25777
13237
22943
27886
10764
15102
26361
24452
30113
5249
13032
19082
16208
12655
8045
10066
32053
18755
30884
31187
10878
5448
21054
2125
12409
25947
22833
13868
26097
29170
28078
1583
6331
3933
6484
1993
21900
9804
13731
13256
25102
5522
22195
31796
7474
24872
20006
4986
14791
21109
23131
11977
1868
28108
21988
18365
15618
24887
31547
8507
31558
20595
4272
5020
30494
8763
4262
25613
1042
13002
8703
11061
28733
3995
29909
3865
26275
8307
22379
21565
19397
24993
5987
2572
18547
4996
817
22138
30434
847
8143
9448
26110
20745
26290
15432
26369
22232
8190
129
22853
5502
11510
25365
26710
18980
22198
18177
28748
4439
29988
23525
31832
15184
548
13412
5020
13688
27915
7118
18496
11563
16983
28412
15554
20412
31645
31868
5005
19386
3010
12271
31950
30578
31598
3246
22147
16565
10686
15284
4820
18908
1337
12472
22695
22536
20742
10905
4719
30383
19036
4863
24388
29780
16953
320
6713
7317
32599
25728
27626
21355
31836
6429
6740
30126
22096
27978
2794
8919
32597
22777
10981
21514
2450
27903
12763
25684
7793
15730
29331
28209
30218
19286
11800
8785
25311
12665
7436
31643
17865
6300
9023
29811
32306
14035
24960
8504
10885
24111
6579
21521
19683
24217
6436
11754
10264
16129
7451
16569
26829
4537
26033
9990
28414
26651
27361
13482
19375
10610
26594
9431
18139
20760
12468
26968
430
22491
1530
32538
2292
19621
23303
27628
27600
24669
16955
18819
10929
26888
29584
449
4738
8244
8560
8247
22561
8342
4042
23784
2067
26354
8548
17487
7798
23099
20339
8356
23350
7932
16233
2140
9860
14838
27406
13807
6532
17930
3794
3293
32582
16730
21089
28659
25080
13740
24441
19658
30810
16399
23288
146
1906
15296
29754
31245
3200
5198
32417
15582
17204
765
18805
10756
23583
15208
10735
12706
30568
19307
27536
20993
14272
12864
6839
2007
407
29416
23923
5066
14992
9677
20118
14640
7475
19877
3851
23065
29923
29593
361
5263
22031
20135
25543
17692
9900
31301
15315
4749
2786
71
18718
26358
2565
14850
29114
31222
32712
19634
23815
20540
11693
17689
12490
21578
192
5737
9343
27769
24453
100
24305
12862
5167
8386
20999
11947
10002
13267
2273
16441
15707
18533
7203
3524
20479
27368
16529
10967
20209
3024
9181
20778
1176
9531
3004
21353
19840
25556
27455
11575
30800
22263
25185
21619
25084
27670
23517
12218
8763
14683
15682
22061
23612
23438
23880
31860
1940
27450
13413
13059
17788
19723
31644
22939
5689
24955
11670
27668
731
22445
7667
3163
3882
10137
6882
28087
2014
30570
19695
1360
270
28708
18717
9201
6379
17802
2357
23821
21166
30015
15965
24320
7631
299
12780
8344
23928
10528
10365
2004
1081
26558
31555
28139
6141
13972
23452
9360
12861
23943
29928
24693
20595
20856
24731
11534
2258
26145
8337
19863
30516
22336
5026
12120
30292
27896
6263
20776
31037
16244
21147
17456
6402
24013
17877
10737
10928
23598
15286
21385
29057
3382
10094
26161
16722
27293
31716
10507
9559
28955
10245
24603
24334
29573
11611
22674
20849
10554
1250
2643
11376
31677
17944
29360
27806
22435
17492
3188
811
1200
5720
2343
14866
18749
15401
12173
10387
23772
22303
880
19428
28223
10296
6815
6180
16470
18609
17207
5520
8888
20696
24353
24057
18756
24860
6364
3702
18184
16742
21885
342
12386
2732
2036
25688
10340
3779
18832
32543
23933
29300
23494
15840
14678
11731
30510
21598
18427
26316
3022
3352
6715
23039
22171
6336
10065
17870
28733
29168
29124
2995
14611
10521
29579
31703
18039
11452
5493
32481
13635
25052
13768
4620
1427
8371
552
18813
25549
27044
10427
19667
735
26225
9355
511
27592
2990
10540
23126
26202
28277
29086
30180
24382
8796
30324
4356
28472
13220
20278
28718
26540
4531
17157
15887
2146
32196
19581
4063
17030
20958
5344
1007
11507
13314
10864
11905
3505
2473
30236
18653
7355
16238
13407
22177
25606
14599
30054
13657
24768
32121
26737
19023
18901
29580
30331
17061
8120
17021
28701
6560
26976
10996
21168
22855
17041
27701
26802
18733
8028
2458
18794
32651
26857
1089
31695
2193
22388
23810
16551
6142
11670
29348
18412
30959
14534
4176
21875
12276
15135
16453
6352
873
8804
14030
15476
24068
12353
26993
28696
16298
30675
9834
29279
12423
21611
16472
23990
27229
15759
8757
15487
11292
7234
24459
10352
27572
1414
5349
31029
23079
32286
11396
18013
28130
11160
23380
16499
26445
5771
27167
9579
929
25118
7935
21569
20986
7369
23321
17372
24237
3680
16520
24888
10459
10061
29848
6340
5702
29980
21045
3849
22884
16446
8355
19597
32178
14086
8815
24823
3659
18936
4261
16755
2745
7491
22083
26200
7691
13196
8174
27657
19495
13805
5092
15129
2402
32062
17970
31666
28750
16531
15655
22583
2515
3333
6664
21288
23426
27318
14853
13382
12325
21263
25452
20728
20123
23628
21277
13294
4835
15931
15934
26628
7542
5184
7215
27241
3290
157
19648
2048
30068
5360
28322
10758
2974
9213
31260
22006
13305
24750
29695
25769
28164
28248
19676
13506
19694
17984
16500
23625
29353
5726
18800
7574
16704
32097
32083
9073
13930
18419
25772
18551
9567
4925
9104
28096
17130
30894
1607
9406
14272
9976
17990
12392
11536
3164
7005
8600
1883
30248
27954
4786
17286
18814
14574
18055
10798
14678
32566
11897
19771
7622
20061
7135
952
20610
15576
8363
22498
12959
26610
25418
7038
16284
19137
27083
5744
20898
344
8260
906
31499
19518
7793
20386
6434
26655
28831
20199
1065
3522
26568
23669
161
11835
13568
6182
21957
16226
21519
13995
11608
11395
2400
6108
8352
16215
30490
5965
5811
5427
3468
19234
22513
29824
23246
9508
31442
5739
32165
10772
3554
14557
16296
13119
8969
3246
6817
28242
8208
21526
11574
3952
30817
17764
25289
27010
13326
1522
21148
24782
26645
20824
6713
27596
995
8416
14097
5684
6166
26426
9059
14940
31367
13425
14943
25793
27528
22046
10124
5603
8298
18396
25959
22103
22339
2043
3917
20759
22509
9337
2714
26652
1618
5165
19219
30511
27111
12358
13953
14588
20087
25076
27551
616
25122
22629
28726
18468
29861
23283
2695
8834
15324
2972
18921
17288
16773
11698
691
4932
24134
17619
16732
26206
26098
8220
30945
756
26888
9626
28775
26529
12156
29185
13346
2271
20666
8353
3445
30864
3305
20373
18011
11223
19308
13374
15365
21292
25263
21488
1221
30896
3360
13546
11562
22717
12155
7052
20589
10434
21579
10180
4107
16462
174
26314
11956
22634
18008
11533
21092
21804
14042
19565
12752
19849
7204
31402
12547
17771
6729
31772
12617
19971
7811
26277
6220
97
16247
4325
21117
1602
29370
428
21685
9513
15251
29621
24860
32689
14083
16785
4939
289
10498
19937
30637
10049
28428
15304
12843
7788
31708
2976
30728
25575
16504
28652
24841
25201
9837
28302
21466
15643
32604
8763
4525
15450
3509
12331
9508
4443
2755
17941
14449
25494
19945
13402
5820
23718
31019
30849
23748
9816
20207
19427
7370
3842
5381
2727
31147
18454
10470
1777
32076
29430
10553
7255
11834
28682
22684
6037
10386
9233
7584
18049
15903
10164
17429
17473
25027
5473
25481
21947
25112
26966
3851
27213
14166
10236
12853
5310
26744
15991
16233
4213
19354
20859
4954
9961
9638
28257
12750
2393
27951
21114
16291
29373
13469
15523
24080
9724
32651
32025
19246
7263
1901
14223
27575
30790
13174
2942
8717
4122
18361
5821
5758
9602
3982
1617
21702
7386
1847
10630
25301
18657
18627
15167
13523
7857
16435
21898
8802
26101
27356
17271
16675
14678
9740
9515
18555
27446
20720
6704
25239
8865
17845
26127
3757
17536
28142
17185
30853
32016
30262
22434
26937
32147
25878
263
13625
16966
6441
27025
19345
29842
29309
7203
19055
15750
11069
2641
15583
7301
9101
14521
26074
5692
9398
1430
15487
20439
24451
15762
32160
27253
10731
29404
30336
13017
16367
19067
27867
31074
3014
13282
18471
9789
14648
16068
24602
24025
6216
809
5228
18843
4885
20418
4574
22740
15106
4729
26747
3568
12565
12109
22302
11248
28061
14685
28724
22554
11032
16962
31683
1006
30803
13218
15020
13149
13779
26370
28461
29494
628
28636
20137
5089
23376
19442
16556
31823
29410
28129
3882
10545
876
22009
27655
11368
8341
11596
28636
16573
19543
5893
30201
17875
21272
11260
31142
14425
13079
21639
22703
31364
4874
29842
7967
189
3078
7666
16459
13975
19102
15606
24850
12291
19279
29503
5988
31431
13852
5330
17153
9260
7541
31596
25475
18167
9309
9238
3999
13723
20428
19192
29096
5293
1874
31090
27988
31128
2302
14953
21187
24978
21630
26847
17085
5327
20871
19655
10300
18932
13688
31255
27434
7630
27706
9758
16491
13124
2154
26392
15134
3978
32442
4608
800
1688
12436
10917
21714
19419
2561
6656
11805
31530
14026
7877
19635
11771
13021
11320
24983
28887
14833
11074
7647
11531
23149
20932
31929
23201
12166
1067
28332
3726
1704
30021
18976
14637
29720
30803
9505
10476
6871
14687
31840
9542
11209
20431
19322
13809
24598
24379
31357
27224
29393
14972
17577
13643
24024
15621
31859
12533
24059
20087
20688
24335
608
17519
30639
14676
19237
5794
25031
9781
6984
6445
23444
9677
452
12582
16284
19223
7677
14199
7671
21855
9054
32236
32014
32246
16449
10890
6051
20010
27663
23843
15378
4469
24744
21287
12502
14325
17157
32189
16974
15644
16156
15890
24001
26281
6915
15345
23969
28631
1369
2709
27404
29908
8930
4027
6296
12916
8049
24827
6736
28199
17931
2903
16122
6697
25673
30997
3740
2552
31998
27082
12862
19211
3610
12472
2288
30145
28110
11609
3599
2712
753
12860
29893
12191
23715
19984
7375
25134
27952
11007
17539
28884
27703
30781
7185
20881
9227
4576
7689
10309
11865
23282
20765
4457
25611
32196
22313
1277
1133
1670
28016
26049
22414
3093
16936
4264
20458
23316
17210
138
28485
22334
19011
23065
29402
1786
18910
29718
2741
32048
24613
12229
8286
5468
29301
13726
28855
13793
13938
27205
32039
3231
19531
12220
6136
31175
20032
18136
4094
7406
31073
25841
16250
14433
21400
20958
573
24249
29417
8736
22289
7855
18937
24926
12372
8497
7629
16658
14310
28085
2261
8065
2630
18637
12073
31472
11511
24827
2066
9493
17449
15815
24780
19148
19349
9488
31882
9227
22185
27296
30139
24600
7141
24067
17548
8697
20357
19096
3758
8493
4448
15848
9305
17049
29200
2103
20113
15813
21331
11097
21160
8776
10161
11207
20228
20865
21855
30706
21794
16520
16484
22999
25819
5732
16378
9940
11494
31359
823
8634
13471
10071
10476
17187
21254
5493
3790
23558
5899
21155
7123
18056
1289
22874
2527
6421
19856
31866
29344
4016
24935
15165
9142
8071
1745
4462
32280
26827
21520
6102
25779
31422
13096
2296
32340
7694
21221
32254
20167
6497
10527
30706
27457
9265
27197
2353
19963
31706
6648
13085
3360
20209
6498
19475
30953
29400
22054
413
25862
6031
32529
19176
8513
28109
25041
24440
25950
29520
22013
1562
13381
22897
22870
20506
31331
14843
16717
5303
27469
3645
9669
16596
25254
7262
26905
20208
19524
20209
353
31576
22414
10953
26353
2203
31272
22287
19491
10303
1491
27537
599
23474
21902
31069
12343
24963
22017
399
15680
722
27932
20071
5758
21766
1276
25247
12438
17342
15886
29435
27402
30473
3190
7713
14521
27097
17586
22187
12709
17589
23418
13179
29177
20655
23787
6734
27211
5782
24293
30868
1310
32364
29362
32384
17835
794
23016
4187
17377
20067
656
25117
10666
20759
3719
28990
5488
11145
27173
20682
1504
31298
13853
31668
13037
23287
2212
8556
30744
15801
18902
8371
13295
22124
12117
9391
16596
17018
6963
6202
27392
14025
25106
25472
1992
18922
15497
10185
4638
11923
26570
28051
28762
29263
14722
30948
18235
5236
11009
14302
32296
2389
8091
32660
22716
32186
27214
2844
18818
28301
22181
28902
25085
26838
14555
587
1004
1514
18756
18793
14283
30686
20201
6447
19613
14914
23922
25524
9449
15116
10826
19149
21763
4051
15613
7902
30348
2878
32485
16368
21820
18107
28165
5380
22751
29812
30517
3495
20638
3455
15232
25031
896
12372
17610
965
10801
17285
28085
30923
13825
12457
198
2912
2351
19353
21188
3130
1128
14816
23649
5459
3467
28268
5917
831
29615
3466
8550
6332
21607
19729
28164
139
26181
9436
692
8574
19612
25470
2579
30931
22666
31538
15550
28352
23350
6929
26040
22863
27991
26760
1548
8556
20470
27912
23475
15932
19060
3071
20407
31409
10702
5384
3993
14684
17696
18014
22001
10882
11112
21399
9812
10353
24205
17551
122
11796
16288
16546
20128
7110
4193
6686
4908
15972
11781
11767
6544
19622
26934
27581
11888
20143
8028
6604
8967
9186
31003
10691
8135
6904
29212
12599
2623
20559
3601
23208
578
18053
24307
25267
14918
27974
16526
30090
12042
2658
27968
162
636
14627
20478
19627
32217
29661
14231
29637
32534
23494
20285
2033
21887
13064
65
32197
20894
15637
8478
12133
3166
31035
5561
2990
10608
27512
17639
17844
6382
26511
1840
6255
7230
4699
29395
29361
4666
3428
10505
8027
20109
176
2190
15825
96
30428
26974
7851
27703
16235
17852
22702
32021
19293
29817
10746
28903
14339
22643
31108
9247
31763
10588
3271
16544
27384
14781
17847
21466
619
24122
31991
4150
13895
23063
19531
15796
11929
29947
23888
7634
11255
7668
4203
18097
1556
16316
4095
14707
30865
10811
9187
14311
12821
13644
22803
7528
22943
196
20901
16130
32283
30129
20735
5847
9268
27871
22600
16065
26218
7841
26396
32313
23396
16333
13444
28536
13959
28681
29733
32731
22215
23877
31671
20364
14269
16521
23737
13407
30970
6129
18019
25594
28572
16886
17373
2361
30239
24046
10926
18641
28277
5590
19831
31027
10840
13648
18145
4531
11743
12776
28884
5353
79
2203
23530
31319
32564
5274
23331
23373
26545
17227
30682
26378
2581
18833
25079
25124
23470
15949
12391
13610
23266
15909
1481
20103
31099
31876
28010
23465
323
26081
1140
7523
9937
14149
17250
23440
16034
12039
31671
15354
18540
15066
24048
122
17582
18187
7095
28768
2188
4867
31321
28948
986
12051
27002
4606
11639
1905
29192
4004
2524
8317
4461
4626
32756
26697
21769
10879
28719
16729
18911
21549
16850
10919
5262
31889
23185
10474
17796
22196
13407
21784
15726
32217
1413
13354
13810
11104
12017
15391
17057
1002
25809
10819
24103
16318
17761
3761
22469
12908
20993
12567
13570
30128
32395
12985
23453
15256
19171
4537
6085
3049
6864
29077
21132
28864
16394
19697
3226
22133
27284
29847
28958
8900
29515
32700
5387
18223
13504
4485
13952
21150
26179
6089
4231
17993
11584
26393
5891
12759
22735
22525
12004
23239
31622
18817
13981
29456
22417
11504
29400
8964
20741
32480
13160
27258
23154
20846
17535
7468
4024
19403
33
32350
29467
17144
5080
16321
153
20429
20138
26518
2938
1600
2888
25110
6698
12772
2696
16914
13380
15280
21013
29911
22255
7426
25445
27988
877
995
24300
2687
7153
3213
26512
15604
689
13355
23132
12255
12093
26847
11896
31005
11791
23305
4441
5278
15971
29639
4917
12046
585
5304
30650
948
29944
1286
32511
20890
7013
12195
15035
11246
8980
5842
17333
10664
25390
8426
25467
14445
29653
8790
1623
5811
20404
18657
2431
14631
13274
19505
14732
8011
12744
1936
5421
23396
10184
24819
10269
20883
4993
8500
4690
29250
29385
8611
3960
29633
9914
29373
4765
20273
3336
24635
18990
1186
17297
30287
8226
27256
18998
27690
2677
3091
30442
6081
16344
23471
28680
20177
9383
15240
8426
22816
1051
8770
23735
22535
27073
24201
9084
18221
12074
15861
15743
31381
4580
6960
8400
15835
26026
5978
21792
30906
14040
684
18902
31954
28962
14428
21088
24744
24196
29121
15559
3055
4732
21688
13959
22790
5496
16710
29597
28609
25738
8831
19425
15724
6499
18086
17046
11789
20095
661
11328
2794
5021
9311
26293
8779
1650
31029
22391
7297
25502
27270
9281
8743
9183
30314
23008
14248
31109
1857
30020
29186
16934
28311
727
26825
16530
1868
18446
2414
13065
17137
11069
12225
6572
9844
19887
10165
16690
31232
3062
31843
26076
12319
22656
14418
683
18466
9323
31478
8400
12226
19098
1910
15204
26631
12553
12467
2905
29033
5213
18053
20401
17206
12736
26695
26093
21043
17131
24727
18121
27270
132
28247
15142
24787
7851
7927
23880
24230
30672
7671
14913
19985
22983
7591
10157
10390
10526
15666
8608
11590
20142
4058
17629
16939
9072
10629
14665
1252
20114
21625
8351
20111
18890
21604
23908
12012
32747
23199
17950
8894
14774
4019
6337
2421
19698
22045
17002
7691
16831
10830
20303
30508
25127
17398
5878
21145
26614
23682
30886
12238
15563
16099
15388
32227
112
1170
27262
24752
18791
9169
13205
20788
21445
13107
13110
7480
4676
1630
11009
2607
21907
2064
1103
8033
32240
30048
11877
23368
27385
24135
11502
22586
7615
3934
27304
9289
16669
18665
9309
20584
3144
26389
21
31439
13222
24446
9354
22688
23524
14324
25820
714
17219
23167
21638
2605
5426
27296
22417
5888
7202
32730
775
6000
17814
26993
25003
16778
11385
24434
28903
27739
7605
17651
27142
1110
19201
24476
11171
7926
8186
10343
22369
29092
28022
6563
30685
12250
24341
7743
17121
5257
28441
1605
19419
6840
19575
9381
14989
10606
26413
31284
23045
14035
5847
4596
5072
9874
3965
29334
11115
26497
6320
18749
19962
5252
15061
12677
19004
7343
22208
16068
1215
13994
23429
10896
31824
9050
3722
19585
29366
957
6625
16183
3488
17942
21717
22175
987
28235
31427
19315
10952
15755
17452
16384
30734
32051
5639
556
19340
28915
15196
11959
5522
13357
23822
6593
11600
1693
11257
8333
27534
19519
28988
18564
23966
17517
30936
20349
9359
15432
2683
4411
21668
16474
25750
26167
26884
4474
28085
24480
8115
24815
4112
1185
20929
6104
29533
29922
7106
11723
2281
5201
27262
21180
7655
9250
16361
28704
26632
27924
17493
17747
16460
24311
30694
9015
23
18795
6214
2847
13447
4586
3739
13547
7173
2825
31158
16500
8730
20730
10381
5674
19844
20310
6380
15099
21642
21529
20071
7031
19340
21487
5523
4658
8670
17326
1910
11626
24791
11043
24891
30698
24868
21777
1066
18734
27234
16503
12760
24776
28909
14098
22683
20739
26098
11555
1089
31941
19916
20082
18178
11450
4237
23699
11954
32686
14554
17000
6716
14907
5373
231
843
14757
28213
22813
4170
3586
19024
22387
655
32670
27516
9265
21715
925
603
15680
7654
25570
18005
32052
2976
7728
26674
5002
2587
16015
4840
21037
27423
14578
28337
29759
8670
1558
23137
16919
26338
1965
20215
13958
22595
30652
8562
2399
27165
26434
5862
17206
15169
4122
32462
15975
8747
32290
18340
14683
1589
21405
16815
24070
22794
11478
1053
25268
17500
26375
10321
10246
24538
20088
20350
30775
860
30699
9845
19364
2401
18744
23483
13964
5564
30005
15327
25620
13450
28376
26634
17038
25959
6048
23256
17658
26338
11568
12134
24013
22062
14910
24237
5874
30490
3755
26382
27407
14402
755
4653
17417
18311
2760
19715
17098
19134
23290
17967
13378
4261
9882
18061
22443
19995
14175
30730
23058
15248
25928
3767
11027
9914
12675
2076
3812
19593
2190
29902
4501
3934
28572
68
16277
23928
8506
10982
18297
23470
23858
27239
26873
10340
28592
9301
21819
19128
13219
14062
25685
8700
5222
1078
17421
26985
21152
13126
994
9233
4201
7143
8785
1302
26798
4191
32593
10266
5590
31115
22560
11766
27557
31022
12353
4527
10337
1673
19398
18854
24884
14636
7883
2318
3538
13835
22083
13731
30555
29396
24055
26009
3715
17280
1995
31187
27888
26153
14403
10326
1508
283
15431
2813
18971
18221
11299
1646
17143
13906
32722
7500
26842
9323
14460
943
14547
3679
17213
1745
19838
23918
31016
7434
32549
5826
24716
12798
20267
10567
4981
789
8875
19901
28534
8235
4188
11532
29350
25737
17848
16599
27113
31764
18269
8787
21617
18629
4275
15194
8324
15449
22223
3515
9599
31306
29335
1237
32539
22013
13863
1380
11759
317
12660
12186
8502
32488
10799
1906
3539
11752
19181
30529
13970
101
19844
24717
2481
13113
9400
12067
14239
6565
26903
8804
9987
20802
3361
16608
27136
29242
7340
10790
6327
4023
2951
15065
13582
7324
22366
14087
31664
2164
221
28343
18006
10407
8216
4289
25412
16884
6187
8163
1558
17947
11805
15888
13756
6618
1803
16907
23492
30491
20866
19253
22743
16236
7724
18340
17031
21167
11183
8308
11848
15891
10706
98
11707
22339
14306
26774
24627
6109
8788
1985
15730
19749
9131
1896
32179
28667
11420
17280
17134
14602
30576
8250
26455
17731
27307
29216
5415
24202
3819
11361
2976
15534
7186
18793
13643
21151
24999
8629
29573
31707
3706
9446
17209
7722
7047
10516
7919
5003
24093
17508
16902
28782
1344
25821
12605
31267
1611
6775
11385
24979
15578
18293
28098
5678
16870
10997
22926
17700
15922
31174
1090
22744
15334
31097
12534
3218
15226
20923
11640
26739
4054
2018
12180
14767
17848
22725
6035
23286
6741
25809
15362
24883
17731
25177
8885
121
6550
18990
19211
15674
16970
12912
28018
15803
7649
19363
21550
20420
32076
13317
12631
30364
18959
5407
5665
5429
22433
16283
28513
2211
25617
14677
11084
18130
3055
29109
27777
21881
13674
4155
28234
11594
14006
4443
32286
23916
15281
9612
11883
810
11973
1692
9875
27117
10512
14150
13364
26471
11714
24838
429
18450
13511
17452
5598
24537
18599
28208
303
4884
15274
10821
23507
27578
14399
24624
31054
3794
12446
21851
30004
9771
29101
1061
32052
4685
23840
32125
31830
30895
3813
2223
2945
555
29119
30077
19264
23982
1841
21618
2757
23348
26269
2419
24623
13044
14253
27799
5640
19671
11250
27961
4626
7215
15307
27467
6467
25510
10889
15084
5390
30068
5584
1597
15844
17366
5184
369
20219
21947
10069
9508
10062
29632
1164
25326
31717
8542
31176
2103
32598
13922
28915
17229
8844
11422
22248
32435
21191
30175
27025
1725
22756
28191
12620
11609
15839
15867
10644
24624
22678
16743
23773
25838
26831
18080
30655
12253
25469
14690
5975
2233
21567
3676
22251
29120
30762
737
24780
1288
30152
1248
1665
15381
22112
22294
9249
21931
9336
17794
21249
19937
21401
32281
12175
7287
21842
25020
13950
11625
32639
24935
32036
18372
10188
15275
18720
22201
6260
11870
19263
18672
16975
28817
417
31263
20491
2242
1303
23258
32441
21331
17872
19117
24460
19771
31541
22632
26334
30460
19217
23738
27764
25557
27637
8961
259
18744
18139
5217
15603
8830
23561
6419
27746
15578
28472
9216
15468
16267
16118
7311
19882
1110
19273
6843
20472
21556
28565
10600
2940
23624
21439
759
31460
28435
30867
31768
23278
26091
25443
4319
21294
13993
11505
18459
7180
4515
30608
24803
17932
7130
4229
32369
1618
6516
16563
17972
11365
7276
4216
9248
9523
2952
722
10569
12117
5515
3014
14512
9365
25772
17922
30300
31917
9800
11201
11437
27986
15060
22255
7150
19313
8725
3213
26665
4537
30611
5976
6463
12377
4939
13733
24887
2571
8868
7824
7383
16977
19876
25173
17009
16638
15460
10750
13056
3833
4289
6719
8564
28734
10325
23966
1097
24357
15014
6614
17758
19687
10140
21630
9221
19294
2617
2790
32086
1036
25476
322
28362
8287
29126
3338
1797
1843
2041
24224
30962
5017
31102
3636
1301
10455
28174
28645
3357
18352
12787
29480
1465
2277
22136
4462
15021
8443
13982
4097
6437
20799
13328
6447
29769
27144
16473
28843
30737
16956
1621
18224
15963
18453
18405
29031
14907
3877
17383
1547
28050
32664
14438
10059
7394
2746
21773
31600
30048
2233
12770
6335
22859
9131
7729
26785
18045
29650
23493
17921
2880
12575
6750
23286
15714
7670
18272
418
10124
3889
1481
11354
8399
13671
25189
6406
640
2926
6213
21451
12358
3614
31085
19688
26225
8536
20429
1502
17037
17991
19059
6612
14903
1766
19198
9529
29744
15043
10070
20651
14256
2306
13210
792
26109
19364
10330
32547
12859
14346
14599
28617
2950
28852
28327
10308
27966
25679
6861
6959
2466
7663
30409
19692
673
27289
17180
17731
9452
30724
31535
17483
22864
20640
28996
16014
16451
22744
26284
25704
11197
12692
29754
14512
27465
9219
22265
31386
7771
31383
29978
26332
228
27473
12080
5136
26148
30526
20896
28250
21951
25410
14930
5706
32532
11796
1709
9988
30410
10122
24003
10142
29355
3351
10952
11209
30646
20370
23497
26548
11887
26168
30874
15149
20858
21237
9745
30730
27240
15327
26993
26567
20689
15875
16425
21616
8099
23909
24511
6337
5305
13890
12807
31629
3760
21400
24984
23132
7414
20201
2688
26456
22051
7483
25399
32362
26765
11619
29138
21920
6422
15235
8569
3282
9289
32210
19483
24709
13734
3739
3168
1039
26937
14217
27616
26364
2930
545
16786
27057
2864
12688
21639
17743
21023
2471
5848
10970
30532
1828
3293
23963
32726
27955
13471
19650
8784
19508
400
28752
16324
26047
16506
27956
1906
4581
30646
17588
30873
2489
6046
4879
13965
15120
3908
8545
25354
2436
6501
20166
29384
8383
21912
5314
12367
15350
459
10977
24845
1715
26608
3482
16550
31448
21492
27769
18059
24545
9713
17278
27086
20329
21668
9152
22325
25327
29729
28501
19853
28379
5317
3190
5184
28348
3693
21471
16426
1748
3045
15989
15017
16086
27300
5675
16115
23022
17078
11814
16813
28674
11001
26144
30393
11320
3468
32010
26959
21688
8325
30453
23119
32691
22242
6706
22741
6564
24003
18360
18702
8405
31190
12999
19787
14885
22802
15307
17748
778
11432
29315
22527
17618
7990
866
15105
27950
31550
5174
11523
28656
5592
21511
22009
30228
20899
16962
431
32253
19969
28951
26788
20738
5764
18207
31516
29225
26275
1090
25201
27186
21938
3544
11434
5336
32529
17934
22094
21331
31395
29323
9851
18465
14721
30292
4402
6
6896
25325
5109
11346
19857
9410
16532
21090
20696
20165
27204
5225
10943
18775
10481
30577
9660
26732
9941
19100
10992
11498
27722
5040
3233
13651
7644
9426
21738
8612
24739
16274
27825
28285
22736
26920
11994
2945
30341
21501
15290
12544
1258
622
8399
14548
12157
1740
10414
32392
29097
1191
26428
2752
9371
22348
22049
3540
8017
396
5498
28095
7411
19135
9422
27448
23911
11529
10308
8734
13344
30940
3603
26905
31030
20926
10297
21631
4284
26701
3696
24692
31822
5504
23646
1622
10985
15151
8204
16728
31487
3542
3225
18028
8907
11158
17712
29543
29411
9340
21559
14687
9996
22534
8905
1624
14673
19427
1127
29216
27479
24571
10986
12920
31211
943
5820
6772
11997
20578
22344
10533
17681
11576
12207
27509
21203
24605
29629
13649
11883
12298
12571
30222
241
31875
30918
11269
31587
28261
23743
15233
25077
9694
30213
11484
25000
2493
1728
5604
25630
7148
3263
12931
21933
30522
22564
28832
4530
23134
31326
29504
26920
25657
8536
20721
30585
25948
13040
4456
14739
27338
15531
11881
6975
26111
2983
7143
28334
5681
209
7021
597
5845
30039
24252
18684
14181
17249
15798
18449
97
18172
890
16449
2452
27478
5841
17482
1432
6193
457
12810
9884
5010
7327
16860
16485
11193
24546
8229
19347
15702
8662
17706
11814
27130
17175
32549
27968
4812
3710
25239
11308
27517
20552
5343
7328
14718
26741
9484
17471
4976
23663
26352
15202
13532
11244
1141
18712
14884
27925
14645
108
22713
29672
27716
17126
26511
2267
7248
19540
19406
29378
20973
11209
7627
22514
3114
19943
6710
15015
23400
31834
13205
5283
7788
30373
22512
22040
5554
2081
16078
19400
16644
16194
21345
12395
15180
10781
3838
27985
2215
15399
22480
20040
2746
16704
14284
11456
3913
496
32743
22061
11525
31984
11143
12717
25254
23020
6200
26859
11322
31111
26017
6211
701
18080
4534
18983
31209
11475
9519
16833
28751
22595
1080
22745
1447
8855
14186
29946
19301
20803
16634
22480
25485
2313
21040
20181
455
6847
29979
1581
694
3410
32388
717
3462
2315
23584
2019
29636
2065
4873
27506
17267
28720
623
7741
16220
31192
16011
27367
12709
2153
6101
12376
19621
22445
8823
7011
3575
8870
20993
9125
22477
10123
32094
20400
13447
11533
24327
1129
30853
27870
25974
25518
13881
1908
26590
32316
14464
25867
4889
23760
30514
10217
8930
9357
14839
5093
15172
23198
23901
3882
30290
2844
28200
8249
31257
22322
3818
3373
10963
11903
23507
67
19806
14267
16585
21913
11756
11422
30139
30262
7931
11517
5427
25675
25736
19767
299
23736
24447
25551
2594
12754
3447
23130
3183
17252
12444
1436
30676
14324
13292
18670
30038
23367
8103
2274
8012
17959
12800
12586
32695
13155
28697
20918
18641
9752
17198
5917
31721
17711
30225
8766
29293
4135
9942
807
32073
20756
207
23350
3695
28648
21179
27261
8375
2802
21818
3179
20970
30884
13700
26537
25369
5785
14427
21827
4916
2519
2366
17160
2008
21585
2528
5427
14439
25520
13784
19275
3934
32082
28314
27719
13795
11155
17318
32246
15774
4172
2815
2974
7370
16538
24031
32740
12428
3553
19881
21995
14723
24592
25887
26048
1696
1318
18901
20470
16952
6645
4581
19597
5463
28709
8677
24857
5464
5501
10006
16927
12210
24670
478
25539
2069
9616
13433
32160
31926
31554
10731
1528
17639
11595
26937
26637
24042
18102
2264
31182
14855
21630
30310
29878
26076
17814
26264
30194
6133
3116
372
18882
24220
25647
7872
1569
24562
25359
9914
14504
24639
13508
27401
11184
647
10769
3060
1719
30558
31754
15826
19973
3580
26836
705
1422
23444
3500
11419
31515
27874
8746
15142
31653
13828
30919
27275
30721
13450
26782
1546
23747
30672
1135
21227
8540
908
17129
10168
21125
16547
31785
937
7137
28737
24702
14944
5341
21800
19567
2006
21724
1864
7679
8342
4753
9616
28463
4649
21163
23045
22981
2001
27064
25617
10316
18298
21827
7453
6236
31469
12352
11106
4635
6471
18091
22267
30980
1193
3179
13631
31207
12338
31612
7759
31281
25130
7501
8427
3182
26240
17255
26762
3596
17783
13136
18857
21090
21148
18863
26723
32497
10235
22704
11586
31977
24978
17834
31829
9199
11526
10752
25218
541
405
31557
11550
25930
5196
32419
8123
2444
23674
2941
15425
4348
15460
24915
20801
10425
8762
5350
17029
32560
13642
22685
16364
28570
25460
9256
24181
1733
25310
32611
18329
17688
31721
29821
29406
16850
12131
27993
7593
5010
3326
52
30035
8732
19968
28553
10112
17754
2109
24881
19628
21921
3394
4303
24839
4406
18900
363
16259
31505
14745
29277
21291
5856
17172
7021
29366
9807
4055
29752
6748
19335
13555
2774
30696
13556
16308
11705
32015
13900
31371
27864
27648
29389
32332
13837
4668
31942
25497
4284
9640
3672
10398
15542
30688
16254
7936
14429
29647
23883
30223
29192
6525
18035
13635
10409
27687
28941
15078
16301
1685
32151
4878
2595
18856
31547
15054
20769
22835
16720
9133
6499
23307
548
2903
27702
11362
31481
31635
10132
336
25933
1653
6545
8883
3423
4821
27382
15929
12782
19712
7467
31931
4420
4012
8026
21197
18291
22834
16081
16275
25055
8439
30376
28118
19452
8491
25252
27478
31065
26807
22876
27234
28894
18800
29082
16807
7506
30353
30468
7750
1823
26472
4604
7209
23386
21071
9924
14486
25598
21470
12262
21252
21880
5727
6099
12334
5481
3458
21962
13159
24231
6739
20987
16941
26245
11112
21741
1536
26452
11615
1565
117
13353
24456
15848
9606
14817
24798
11946
28716
4451
2364
10536
9520
1829
25293
43
14397
15346
22469
20334
1851
17130
26702
10682
24536
24778
31941
29264
871
20589
10279
25991
7406
12435
28358
5302
23930
32482
25921
22868
12982
17450
15282
862
19388
21997
2345
18169
24619
20767
27482
11609
28026
12842
20114
3297
24204
11829
29168
19596
20868
12710
31697
30347
28634
10213
12940
24112
3247
28771
11616
23818
32093
9436
4522
27474
24659
5337
12379
6021
17952
6776
6058
8531
28877
11375
27910
15288
7536
20815
9039
14953
3070
22534
24901
11889
14689
31144
11329
13852
32714
18543
11043
1044
4425
4096
5515
25034
155
2799
9036
12567
19523
4486
4125
12580
8156
9666
1938
2695
16301
159
3403
26286
21118
1173
13676
5761
32170
14691
16716
3139
1910
13579
29810
11449
29601
5662
13757
15247
20028
29497
20706
26359
6332
25552
27676
13971
3406
1578
1566
24981
11370
9901
4173
20517
18603
27740
31020
19459
1246
11934
15127
9325
30809
22593
17205
18755
28046
31678
17576
8553
28383
31935
19462
8301
5556
29406
9997
24425
20427
10672
29842
15659
3792
25090
28859
18836
5678
14434
20846
62
23332
21730
18185
5729
11035
18456
30036
24568
3127
14697
30900
4127
3116
19080
19361
22720
29011
21561
8281
11630
509
24667
726
11665
22023
1317
22270
31172
26286
1456
1819
30843
20645
23477
30346
19945
31845
3737
3255
2849
8389
31654
27721
22651
21450
29596
10905
7993
7616
20840
7017
30314
17033
28211
1235
22287
13622
5790
20351
23421
27092
25932
1817
3586
31112
9890
16130
2763
19679
10698
12102
30981
16479
8958
7631
8003
30562
771
26584
5920
20772
26611
16292
25637
13338
2880
29295
29165
9093
20726
19109
15750
21320
23616
25170
11803
11766
19758
31193
24784
304
2997
9962
27630
17454
17400
28590
23872
11419
30661
9796
30653
1446
18787
6257
29798
32086
25483
26515
19058
23581
8884
7383
17065
23217
25492
19884
23054
2583
6883
25720
14272
512
6754
24969
14882
18777
10012
10318
24378
11550
17643
11463
3159
31087
23359
5434
30967
18661
5915
9256
16615
24102
11872
32383
25004
15287
26702
8721
10018
28178
3912
8261
19299
15353
12247
28940
19946
12553
18674
29207
17913
13970
20861
26184
13367
11942
14095
2406
6046
17776
14840
3092
18836
27847
19075
3076
25944
13827
19320
23656
16032
32272
24037
12969
11137
8129
6686
2908
9614
8294
23043
23410
1604
2720
30849
25006
25254
27508
10844
11357
18980
9631
21547
10049
27841
3881
420
17870
27765
3389
25113
7577
24016
8760
28227
1293
15329
8704
6975
2655
21334
151
16086
22213
26852
28400
2305
20963
7914
14849
13996
6534
24145
8217
25019
8597
18102
4212
4683
4165
27083
2317
30010
10891
22010
1715
23529
25815
13388
15199
26944
27647
32138
32453
4083
14969
2722
11561
17924
3534
1099
26740
4490
20555
30188
28551
21168
19194
1978
32719
28416
13265
9249
29977
16866
27688
3174
7080
30303
881
8330
26757
11819
21027
24177
3095
6627
16631
23620
4851
26259
4183
16915
2293
9339
13331
1727
21136
2835
5975
29719
12386
15948
23770
13889
8460
31001
28503
31324
5440
16686
30273
24675
10780
2055
691
17492
23990
23853
2214
8850
29176
5557
30822
7048
29102
3337
3143
23184
3037
25323
7827
25619
14678
23222
7112
3825
24716
16359
25856
11555
27555
29661
14001
10143
1225
2269
26518
4475
27849
3673
5101
30294
8157
29298
2275
26612
15556
7355
1101
3880
25109
9792
7320
17399
30163
21191
25859
28922
2881
12117
8715
17924
23288
31220
8743
32261
310
14004
3766
15406
30329
5616
18742
17494
30285
4050
10422
4765
18530
22809
11150
5711
8161
5402
29005
5131
1280
26885
4339
29476
31957
21610
8033
31303
25447
29436
31245
16222
11275
2964
10746
20149
31726
4217
29416
19803
21230
29918
25288
6860
13998
31660
30066
13772
5097
25474
8346
26774
18950
5114
23552
54
5357
12335
31208
4916
18714
12924
25546
7026
5615
30086
3914
26455
16975
20092
16234
9773
5992
7325
26111
5064
28112
29179
14690
1897
4308
14719
21095
27106
27661
32302
26259
22266
14132
14250
29321
28178
5174
16380
26822
5641
21387
22160
14478
14430
21188
21633
16678
14228
10596
30232
1348
9435
6129
23951
12996
30956
27979
13082
21148
21557
22076
1576
13586
2614
19279
21477
28205
31787
4326
22276
30313
1771
32135
1213
17326
2064
31351
23313
28291
15960
29322
25685
14208
2379
9017
5102
257
19486
1013
24666
4386
30680
14267
15984
12263
179
15593
25064
30138
17093
20304
26397
24091
6623
12426
18962
29331
12470
19085
20147
8681
19264
24705
15966
6041
4193
16847
7842
10114
5831
13179
17735
8671
14611
947
28046
9080
30009
31656
12985
13850
23337
9116
5070
21828
20143
3388
25753
11043
8343
6193
20464
6592
17174
25842
20283
25721
7525
27100
15155
3502
17071
24196
23017
15548
4141
29004
3594
16431
30352
31540
2914
51
29343
9715
13472
30028
31009
14407
1625
30535
23037
31881
13135
30833
24224
30084
22002
262
10143
21895
23335
32492
3485
27577
2633
15777
2416
31661
20077
6771
26495
13110
9451
18671
19054
12925
21786
15259
16638
23120
21850
1256
29486
21693
344
17506
10919
3040
1421
29738
14934
761
9224
10918
2395
17857
13934
9335
17698
25087
4415
10923
32463
8022
11354
10548
14304
26977
13508
2457
8717
8194
27557
9708
5747
16886
30355
26620
2034
9645
1299
26827
29908
13401
28509
9283
7087
23366
12896
5412
30604
10089
27910
19777
18248
16187
17081
24044
9275
11976
18214
9391
27672
14850
22337
20541
532
10588
905
12711
11083
17556
28557
11731
2655
28624
19119
25387
32354
7917
17960
22418
26870
4884
11340
17052
8114
5774
32015
18430
3272
10969
13257
13891
17125
23803
6710
7617
2137
13334
19649
21452
7544
28221
21506
13865
16960
32646
30597
17093
16188
1888
11725
22439
30119
12327
19864
12068
15061
11510
25701
27730
719
18877
22068
19391
7742
16787
10893
19554
3978
20301
10947
25809
15170
11343
13690
6325
30655
29090
27495
635
16388
3911
6487
9549
3561
19915
883
6977
8057
3612
30146
29648
11160
15259
15855
22153
18921
9330
29261
15878
4590
11304
10776
24352
13681
3187
2814
4191
6691
6221
20445
17844
13956
13641
11471
29803
13826
32552
13412
29531
10341
18855
8750
11104
16490
29852
11907
11275
26030
17985
20350
30871
7630
16336
2887
8479
4301
8272
16276
31759
11446
2478
624
5081
11394
31759
60
7401
1595
7013
31475
2010
1122
29504
20146
1002
3727
11496
8055
1451
25943
27560
5160
9724
21874
17260
17112
27960
9757
32143
12871
24237
18110
8174
5287
22608
32711
27201
8102
6830
10972
15787
9640
3366
13880
8847
21588
4694
30541
24742
15443
211
4266
23886
1620
5149
28450
13349
31060
27090
8747
15831
13852
24353
4996
31028
19467
25218
25115
2694
2837
3492
25645
17697
14092
7079
5295
29499
30
3980
28653
20478
25760
7914
881
26588
24586
13538
13606
21283
2882
8532
1469
32465
4637
18515
21072
30633
8739
26071
22853
27526
13970
14770
1654
21744
26022
12230
19086
1261
4888
22644
438
32537
11236
17752
11634
23545
20304
7731
1477
9613
2346
552
9628
25124
337
2348
22122
16756
17527
31160
16143
8170
2596
1728
31230
21567
7166
10729
22175
31564
16969
28151
18930
13855
22954
15748
21110
3662
30256
2552
21321
29835
14228
24245
10896
3449
12992
13458
1817
16575
5263
6539
16703
15962
25044
183
15118
28215
30877
20090
2984
32257
14009
29947
31207
312
26999
13528
2628
22403
27313
22041
9208
19783
3849
28003
4449
10872
18803
366
24486
9135
10228
9401
24990
24957
3497
22397
23022
4608
19978
17887
4210
14515
3440
13929
22239
12426
2773
15547
16550
5183
14043
1150
4635
230
15376
18586
10966
26312
23665
19113
28505
23662
18477
24235
30196
10236
20907
24315
31462
29377
8909
7298
24517
23307
22391
7978
14880
22592
8523
19093
13666
9514
22711
15120
19449
9363
7986
28354
7096
29714
30402
3881
22906
8484
29378
28360
10249
13438
26082
3865
22078
1954
12655
17097
18537
6321
6613
16420
4338
20608
17506
14287
31809
28397
16972
17333
5084
4468
19702
16963
23759
2045
5999
29144
21841
27640
22843
24695
30116
11692
30295
960
14397
3020
26743
3358
27941
10572
19858
20033
23711
13682
16288
16847
32011
23088
22947
3158
16394
25777
3556
2438
15075
23602
12671
14749
11814
31507
24865
8994
12431
15918
8977
31958
300
32359
27245
13288
17602
18564
24503
8808
12910
26432
4752
2558
29576
21402
30914
9948
15052
32627
24196
28401
22204
11864
11258
20831
17216
20637
9212
2608
32400
5291
24
24132
9555
8858
3546
21390
6665
13827
12618
14721
15270
2575
28855
5572
28543
19412
28083
18733
618
1762
28511
237
9505
16408
25065
18440
2024
12989
28498
19721
22896
25548
5493
12275
11514
32654
23877
27770
3007
13678
5974
13427
13712
1546
16799
20106
21690
14214
31358
19763
10540
25637
9468
12771
28380
22298
8787
20607
870
11163
17581
1813
3830
25144
24367
7626
13417
24683
5942
25363
3247
3696
23264
22568
29044
1878
8399
438
23295
3927
21801
12500
21850
17509
6115
22585
20659
15621
12352
16812
20738
2400
22932
14267
16620
19095
19790
30640
27623
21592
11829
32705
25504
3247
14578
3463
21658
32286
24015
24754
3607
20463
10174
5626
16699
6345
5277
11865
15215
16258
17080
5751
8196
24116
6032
16998
25880
23443
17371
12687
6078
11901
18635
28396
11097
32723
25235
24952
22601
7816
31784
228
19914
31223
4164
17036
15128
5754
7089
21161
29656
12344
1220
28104
13235
62
7208
28283
17732
22482
6876
25422
4148
1539
16767
16636
21155
15237
31948
1251
2506
24764
13153
23478
19935
4631
8388
8306
9529
13983
24999
18323
4789
25808
5483
2695
25432
2471
14564
26467
32566
1532
7772
18645
16786
13842
9946
27225
7238
5997
8356
19632
2662
227
28418
20111
5664
8438
24389
15764
30182
13921
20232
29565
1232
14065
1974
21404
6715
22678
29516
15494
1207
12474
3680
16908
11296
24017
15203
17260
7946
28466
23331
12744
3938
32549
20115
6870
595
13117
17871
19418
14183
5864
91
8401
2799
1092
25259
21487
22436
3892
1257
24908
7054
9908
7922
21211
25637
24681
30114
2203
17847
8828
11601
20753
25097
8105
9629
26101
16961
22931
17002
8492
2051
7515
17960
32246
14811
11888
8533
14953
11995
5033
23362
11550
23941
14993
30745
9002
4587
25858
31
23119
20244
5365
3127
27508
24482
27288
31656
14675
22962
10401
14111
14194
6660
21218
9464
7508
31324
6942
12985
23024
18215
4124
6111
23394
14434
17145
13790
32481
29112
22210
14691
15601
19946
11843
24796
26073
31092
11289
3130
600
8302
14607
31221
11412
13232
1191
21841
30035
2361
13302
31201
10605
23506
29365
4169
2946
28142
6806
26695
21992
21461
25812
13301
6375
10497
23054
2120
18729
13512
29781
18141
4716
16956
10116
21749
17018
12112
17359
17342
24667
30524
26271
19924
17353
15394
28062
19975
16612
5105
8205
4959
15399
7306
606
13917
15003
6945
2047
21380
16970
10982
6004
20248
7927
16101
5288
1574
24332
31531
25989
4292
7380
10539
9410
31130
26602
19296
30460
3745
25330
5171
13833
12075
27014
17438
26249
15140
21107
13074
11197
1943
8742
2326
11677
31859
16737
27186
9508
16272
3123
6539
751
4333
19750
22479
25606
15420
30906
211
18682
17312
15634
11387
17200
10165
14830
22235
3196
28881
29913
21403
15601
23945
23972
4256
4856
23159
30482
27624
416
10043
30677
8374
31029
19648
30649
4080
7700
18625
32032
26565
25021
4747
32430
28306
12842
23812
11589
29959
13152
14828
6708
13190
14147
611
3499
5835
26542
10411
8563
16338
22211
22320
29659
15093
27008
197
1782
12886
20627
17969
8195
8060
880
21738
15149
16449
29088
8992
26485
21227
24156
11517
7916
23961
6746
5932
28453
1249
4071
23192
1514
13751
21814
23926
30254
9872
14584
7557
18755
29640
32044
20372
12365
23361
13369
6214
27127
23374
29754
16914
12388
14543
21657
5261
17257
12445
27103
12524
25337
22568
13258
6084
19936
29022
12705
15381
6324
13775
4292
18311
28937
23823
10631
29683
8421
25180
15936
7717
26228
19841
12447
30177
29692
762
8510
28451
11282
24409
11641
22699
28175
8681
16256
15289
1726
27280
9386
26902
6487
20218
24077
22355
5297
19187
24395
13909
